-------------- Task 12 - Simulate data --------------
6851
Created one fine matrix
[[0 0 4 ... 4 4 4]
 [0 0 0 ... 4 4 4]
 [0 0 0 ... 4 4 4]
 ...
 [0 0 0 ... 4 4 4]
 [0 1 1 ... 4 4 4]
 [0 0 4 ... 4 4 4]]
Shape: (1000, 30)


-------------- Task 13 - The algorithm --------------
Difference: 0.006056
Difference: 0.001743
Difference: 0.000626

Original Q:
[[-0.0085  0.005   0.0025  0.      0.001 ]
 [ 0.     -0.014   0.005   0.004   0.005 ]
 [ 0.      0.     -0.008   0.003   0.005 ]
 [ 0.      0.      0.     -0.009   0.009 ]
 [ 0.      0.      0.      0.      0.    ]]

Estimated Q:
[[-0.00849431  0.00440855  0.00260775  0.0004417   0.00103631]
 [ 0.         -0.01324684  0.00513028  0.00290971  0.00520685]
 [ 0.          0.         -0.00815504  0.00271299  0.00544204]
 [ 0.          0.          0.         -0.00907248  0.00907248]
 [ 0.          0.          0.          0.          0.        ]]
3
